     2040           2061        5.6791e+04      8.62e-01       4.77e-04       3.44e+03    
     2041           2062        5.6790e+04      8.66e-01       4.77e-04       3.22e+03    
     2042           2063        5.6789e+04      8.63e-01       4.77e-04       3.43e+03    
     2043           2064        5.6788e+04      8.67e-01       4.77e-04       3.22e+03    
     2044           2065        5.6787e+04      8.65e-01       4.77e-04       3.43e+03    
     2045           2066        5.6786e+04      8.69e-01       4.77e-04       3.22e+03    
     2046           2067        5.6786e+04      8.66e-01       4.77e-04       3.43e+03    
     2047           2068        5.6785e+04      8.70e-01       4.77e-04       3.22e+03    
     2048           2069        5.6784e+04      8.67e-01       4.77e-04       3.43e+03    
     2049           2070        5.6783e+04      8.72e-01       4.77e-04       3.22e+03    
     2050           2071        5.6782e+04      8.69e-01       4.77e-04       3.43e+03    
     2051           2072        5.6781e+04      8.73e-01       4.77e-04       3.21e+03    
     2052           2073        5.6780e+04      8.70e-01       4.77e-04       3.43e+03    
     2053           2074        5.6779e+04      8.74e-01       4.77e-04       3.21e+03    
     2054           2075        5.6779e+04      8.72e-01       4.77e-04       3.43e+03    
     2055           2076        5.6778e+04      8.76e-01       4.77e-04       3.21e+03    
     2056           2077        5.6777e+04      8.73e-01       4.77e-04       3.43e+03    
     2057           2078        5.6776e+04      8.77e-01       4.77e-04       3.21e+03    
     2058           2079        5.6775e+04      8.74e-01       4.77e-04       3.43e+03    
     2059           2080        5.6774e+04      8.78e-01       4.77e-04       3.21e+03    
     2060           2081        5.6773e+04      8.76e-01       4.77e-04       3.43e+03    
     2061           2082        5.6772e+04      8.80e-01       4.77e-04       3.21e+03    
     2062           2083        5.6772e+04      8.77e-01       4.77e-04       3.43e+03    
     2063           2084        5.6771e+04      8.81e-01       4.77e-04       3.21e+03    
     2064           2085        5.6770e+04      8.79e-01       4.77e-04       3.43e+03    
     2065           2086        5.6769e+04      8.83e-01       4.77e-04       3.21e+03    
     2066           2087        5.6768e+04      8.80e-01       4.77e-04       3.43e+03    
     2067           2088        5.6767e+04      8.84e-01       4.77e-04       3.21e+03    
     2068           2089        5.6766e+04      8.81e-01       4.77e-04       3.43e+03    
     2069           2090        5.6765e+04      8.85e-01       4.77e-04       3.21e+03    
     2070           2091        5.6765e+04      8.83e-01       4.77e-04       3.43e+03    
     2071           2092        5.6764e+04      8.87e-01       4.77e-04       3.21e+03    
     2072           2093        5.6763e+04      8.84e-01       4.77e-04       3.42e+03    
     2073           2094        5.6762e+04      8.88e-01       4.77e-04       3.21e+03    
     2074           2095        5.6761e+04      8.86e-01       4.77e-04       3.42e+03    
     2075           2096        5.6760e+04      8.90e-01       4.77e-04       3.21e+03    
     2076           2097        5.6759e+04      8.87e-01       4.77e-04       3.42e+03    
     2077           2098        5.6758e+04      8.91e-01       4.77e-04       3.20e+03    
     2078           2099        5.6757e+04      8.89e-01       4.77e-04       3.42e+03    
     2079           2100        5.6757e+04      8.93e-01       4.77e-04       3.20e+03    
     2080           2101        5.6756e+04      8.90e-01       4.77e-04       3.42e+03    
     2081           2102        5.6755e+04      8.94e-01       4.77e-04       3.20e+03    
     2082           2103        5.6754e+04      8.91e-01       4.77e-04       3.42e+03    
     2083           2104        5.6753e+04      8.96e-01       4.77e-04       3.20e+03    
     2084           2105        5.6752e+04      8.93e-01       4.77e-04       3.42e+03    
     2085           2106        5.6751e+04      8.97e-01       4.77e-04       3.20e+03    
     2086           2107        5.6750e+04      8.94e-01       4.77e-04       3.42e+03    
     2087           2108        5.6749e+04      8.98e-01       4.77e-04       3.20e+03    
     2088           2109        5.6748e+04      8.96e-01       4.77e-04       3.42e+03    
     2089           2110        5.6748e+04      9.00e-01       4.77e-04       3.20e+03    
     2090           2111        5.6747e+04      8.97e-01       4.77e-04       3.42e+03    
     2091           2112        5.6746e+04      9.01e-01       4.77e-04       3.20e+03    
     2092           2113        5.6745e+04      8.99e-01       4.77e-04       3.42e+03    
     2093           2114        5.6744e+04      9.03e-01       4.77e-04       3.20e+03    
     2094           2115        5.6743e+04      9.00e-01       4.77e-04       3.42e+03    
     2095           2116        5.6742e+04      9.04e-01       4.77e-04       3.20e+03    
     2096           2117        5.6741e+04      9.02e-01       4.77e-04       3.42e+03    
     2097           2118        5.6740e+04      9.06e-01       4.77e-04       3.20e+03    
     2098           2119        5.6739e+04      9.03e-01       4.77e-04       3.42e+03    
     2099           2120        5.6739e+04      9.07e-01       4.77e-04       3.20e+03    
     2100           2121        5.6738e+04      9.05e-01       4.77e-04       3.41e+03    
     2101           2122        5.6737e+04      9.09e-01       4.77e-04       3.20e+03    
     2102           2123        5.6736e+04      9.06e-01       4.77e-04       3.41e+03    
     2103           2124        5.6735e+04      9.10e-01       4.77e-04       3.19e+03    
     2104           2125        5.6734e+04      9.08e-01       4.77e-04       3.41e+03    
     2105           2126        5.6733e+04      9.12e-01       4.77e-04       3.19e+03    
     2106           2127        5.6732e+04      9.09e-01       4.77e-04       3.41e+03    
     2107           2128        5.6731e+04      9.13e-01       4.77e-04       3.19e+03    
     2108           2129        5.6730e+04      9.11e-01       4.77e-04       3.41e+03    
     2109           2130        5.6729e+04      9.15e-01       4.77e-04       3.19e+03    
     2110           2131        5.6729e+04      9.12e-01       4.77e-04       3.41e+03    
     2111           2132        5.6728e+04      9.17e-01       4.77e-04       3.19e+03    
     2112           2133        5.6727e+04      9.14e-01       4.77e-04       3.41e+03    
     2113           2134        5.6726e+04      9.18e-01       4.77e-04       3.19e+03    
     2114           2135        5.6725e+04      9.15e-01       4.77e-04       3.41e+03    
     2115           2136        5.6724e+04      9.20e-01       4.77e-04       3.19e+03    
     2116           2137        5.6723e+04      9.17e-01       4.77e-04       3.41e+03    
     2117           2138        5.6722e+04      9.21e-01       4.77e-04       3.19e+03    
     2118           2139        5.6721e+04      9.19e-01       4.77e-04       3.41e+03    
     2119           2140        5.6720e+04      9.23e-01       4.77e-04       3.19e+03    
     2120           2141        5.6719e+04      9.20e-01       4.77e-04       3.41e+03    
     2121           2142        5.6718e+04      9.24e-01       4.77e-04       3.19e+03    
     2122           2143        5.6718e+04      9.22e-01       4.77e-04       3.41e+03    
     2123           2144        5.6717e+04      9.26e-01       4.77e-04       3.19e+03    
     2124           2145        5.6716e+04      9.23e-01       4.77e-04       3.40e+03    
     2125           2146        5.6715e+04      9.27e-01       4.77e-04       3.18e+03    
     2126           2147        5.6714e+04      9.25e-01       4.77e-04       3.40e+03    
     2127           2148        5.6713e+04      9.29e-01       4.77e-04       3.18e+03    
     2128           2149        5.6712e+04      9.26e-01       4.77e-04       3.40e+03    
     2129           2150        5.6711e+04      9.31e-01       4.77e-04       3.18e+03    
     2130           2151        5.6710e+04      9.28e-01       4.77e-04       3.40e+03    
     2131           2152        5.6709e+04      9.32e-01       4.77e-04       3.18e+03    
     2132           2153        5.6708e+04      9.30e-01       4.77e-04       3.40e+03    
     2133           2154        5.6707e+04      9.34e-01       4.77e-04       3.18e+03    
     2134           2155        5.6706e+04      9.31e-01       4.77e-04       3.40e+03    
     2135           2156        5.6705e+04      9.35e-01       4.77e-04       3.18e+03    
     2136           2157        5.6704e+04      9.33e-01       4.77e-04       3.40e+03    
     2137           2158        5.6704e+04      9.37e-01       4.77e-04       3.18e+03    
     2138           2159        5.6703e+04      9.34e-01       4.77e-04       3.40e+03    
     2139           2160        5.6702e+04      9.39e-01       4.77e-04       3.18e+03    
     2140           2161        5.6701e+04      9.36e-01       4.77e-04       3.40e+03    
     2141           2162        5.6700e+04      9.40e-01       4.77e-04       3.18e+03    
     2142           2163        5.6699e+04      9.38e-01       4.77e-04       3.40e+03    
     2143           2164        5.6698e+04      9.42e-01       4.77e-04       3.18e+03    
     2144           2165        5.6697e+04      9.39e-01       4.77e-04       3.40e+03    
     2145           2166        5.6696e+04      9.43e-01       4.77e-04       3.18e+03    
     2146           2167        5.6695e+04      9.41e-01       4.77e-04       3.40e+03    
     2147           2168        5.6694e+04      9.45e-01       4.77e-04       3.17e+03    
     2148           2169        5.6693e+04      9.43e-01       4.77e-04       3.39e+03    
     2149           2170        5.6692e+04      9.47e-01       4.77e-04       3.17e+03    
     2150           2171        5.6691e+04      9.44e-01       4.77e-04       3.39e+03    
     2151           2172        5.6690e+04      9.48e-01       4.77e-04       3.17e+03    
     2152           2173        5.6689e+04      9.46e-01       4.77e-04       3.39e+03    
     2153           2174        5.6688e+04      9.50e-01       4.77e-04       3.17e+03    
     2154           2175        5.6688e+04      9.48e-01       4.77e-04       3.39e+03    
     2155           2176        5.6687e+04      9.52e-01       4.77e-04       3.17e+03    
     2156           2177        5.6686e+04      9.49e-01       4.77e-04       3.39e+03    
     2157           2178        5.6685e+04      9.53e-01       4.77e-04       3.17e+03    
     2158           2179        5.6684e+04      9.51e-01       4.77e-04       3.39e+03    
     2159           2180        5.6683e+04      9.55e-01       4.77e-04       3.17e+03    
     2160           2181        5.6682e+04      9.53e-01       4.77e-04       3.39e+03    
     2161           2182        5.6681e+04      9.57e-01       4.77e-04       3.17e+03    
     2162           2183        5.6680e+04      9.54e-01       4.77e-04       3.39e+03    
     2163           2184        5.6679e+04      9.58e-01       4.77e-04       3.17e+03    
     2164           2185        5.6678e+04      9.56e-01       4.77e-04       3.39e+03    
     2165           2186        5.6677e+04      9.60e-01       4.77e-04       3.17e+03    
     2166           2187        5.6676e+04      9.58e-01       4.77e-04       3.39e+03    
     2167           2188        5.6675e+04      9.62e-01       4.77e-04       3.16e+03    
     2168           2189        5.6674e+04      9.59e-01       4.77e-04       3.38e+03    
     2169           2190        5.6673e+04      9.63e-01       4.77e-04       3.16e+03    
     2170           2191        5.6672e+04      9.61e-01       4.77e-04       3.38e+03    
     2171           2192        5.6671e+04      9.65e-01       4.77e-04       3.16e+03    
     2172           2193        5.6670e+04      9.63e-01       4.77e-04       3.38e+03    
     2173           2194        5.6669e+04      9.67e-01       4.77e-04       3.16e+03    
     2174           2195        5.6668e+04      9.64e-01       4.77e-04       3.38e+03    
     2175           2196        5.6667e+04      9.69e-01       4.77e-04       3.16e+03    
     2176           2197        5.6666e+04      9.66e-01       4.77e-04       3.38e+03    
     2177           2198        5.6665e+04      9.70e-01       4.77e-04       3.16e+03    
     2178           2199        5.6665e+04      9.68e-01       4.77e-04       3.38e+03    
     2179           2200        5.6664e+04      9.72e-01       4.77e-04       3.16e+03    
     2180           2201        5.6663e+04      9.70e-01       4.77e-04       3.38e+03    
     2181           2202        5.6662e+04      9.74e-01       4.77e-04       3.16e+03    
     2182           2203        5.6661e+04      9.71e-01       4.77e-04       3.38e+03    
     2183           2204        5.6660e+04      9.75e-01       4.77e-04       3.16e+03    
     2184           2205        5.6659e+04      9.73e-01       4.77e-04       3.38e+03    
     2185           2206        5.6658e+04      9.77e-01       4.77e-04       3.16e+03    
     2186           2207        5.6657e+04      9.75e-01       4.77e-04       3.38e+03    
     2187           2208        5.6656e+04      9.79e-01       4.77e-04       3.15e+03    
     2188           2209        5.6655e+04      9.77e-01       4.77e-04       3.37e+03    
     2189           2210        5.6654e+04      9.81e-01       4.77e-04       3.15e+03    
     2190           2211        5.6653e+04      9.78e-01       4.77e-04       3.37e+03    
     2191           2212        5.6652e+04      9.82e-01       4.77e-04       3.15e+03    
     2192           2213        5.6651e+04      9.80e-01       4.77e-04       3.37e+03    
     2193           2214        5.6650e+04      9.84e-01       4.77e-04       3.15e+03    
     2194           2215        5.6649e+04      9.82e-01       4.77e-04       3.37e+03    
     2195           2216        5.6648e+04      9.86e-01       4.77e-04       3.15e+03    
     2196           2217        5.6647e+04      9.84e-01       4.77e-04       3.37e+03    
     2197           2218        5.6646e+04      9.88e-01       4.77e-04       3.15e+03    
     2198           2219        5.6645e+04      9.85e-01       4.77e-04       3.37e+03    
     2199           2220        5.6644e+04      9.89e-01       4.77e-04       3.15e+03    
     2200           2221        5.6643e+04      9.87e-01       4.77e-04       3.37e+03    
     2201           2222        5.6642e+04      9.91e-01       4.77e-04       3.15e+03    
     2202           2223        5.6641e+04      9.89e-01       4.77e-04       3.37e+03    
     2203           2224        5.6640e+04      9.93e-01       4.77e-04       3.15e+03    
     2204           2225        5.6639e+04      9.91e-01       4.77e-04       3.37e+03    
     2205           2226        5.6638e+04      9.95e-01       4.77e-04       3.14e+03    
     2206           2227        5.6637e+04      9.93e-01       4.77e-04       3.36e+03    
     2207           2228        5.6636e+04      9.97e-01       4.77e-04       3.14e+03    
     2208           2229        5.6635e+04      9.94e-01       4.77e-04       3.36e+03    
     2209           2230        5.6634e+04      9.98e-01       4.77e-04       3.14e+03    
     2210           2231        5.6633e+04      9.96e-01       4.77e-04       3.36e+03    
     2211           2232        5.6632e+04      1.00e+00       4.77e-04       3.14e+03    
     2212           2233        5.6631e+04      9.98e-01       4.77e-04       3.36e+03    
     2213           2234        5.6630e+04      1.00e+00       4.77e-04       3.14e+03    
     2214           2235        5.6629e+04      1.00e+00       4.77e-04       3.36e+03    
     2215           2236        5.6628e+04      1.00e+00       4.77e-04       3.14e+03    
     2216           2237        5.6627e+04      1.00e+00       4.77e-04       3.36e+03    
     2217           2238        5.6626e+04      1.01e+00       4.77e-04       3.14e+03    
     2218           2239        5.6625e+04      1.00e+00       4.77e-04       3.36e+03    
     2219           2240        5.6624e+04      1.01e+00       4.77e-04       3.14e+03    
     2220           2241        5.6623e+04      1.01e+00       4.77e-04       3.36e+03    
     2221           2242        5.6622e+04      1.01e+00       4.77e-04       3.13e+03    
     2222           2243        5.6621e+04      1.01e+00       4.77e-04       3.36e+03    
     2223           2244        5.6620e+04      1.01e+00       4.77e-04       3.13e+03    
     2224           2245        5.6619e+04      1.01e+00       4.77e-04       3.35e+03    
     2225           2246        5.6618e+04      1.01e+00       4.77e-04       3.13e+03    
     2226           2247        5.6617e+04      1.01e+00       4.77e-04       3.35e+03    
     2227           2248        5.6616e+04      1.01e+00       4.77e-04       3.13e+03    
     2228           2249        5.6615e+04      1.01e+00       4.77e-04       3.35e+03    
     2229           2250        5.6614e+04      1.02e+00       4.77e-04       3.13e+03    
     2230           2251        5.6613e+04      1.01e+00       4.77e-04       3.35e+03    
     2231           2252        5.6612e+04      1.02e+00       4.77e-04       3.13e+03    
     2232           2253        5.6611e+04      1.02e+00       4.77e-04       3.35e+03    
     2233           2254        5.6610e+04      1.02e+00       4.77e-04       3.13e+03    
     2234           2255        5.6609e+04      1.02e+00       4.77e-04       3.35e+03    
     2235           2256        5.6608e+04      1.02e+00       4.77e-04       3.13e+03    
     2236           2257        5.6607e+04      1.02e+00       4.77e-04       3.35e+03    
     2237           2258        5.6606e+04      1.02e+00       4.77e-04       3.13e+03    
     2238           2259        5.6605e+04      1.02e+00       4.77e-04       3.35e+03    
     2239           2260        5.6604e+04      1.03e+00       4.77e-04       3.12e+03    
     2240           2261        5.6603e+04      1.02e+00       4.77e-04       3.35e+03    
     2241           2262        5.6602e+04      1.03e+00       4.77e-04       3.12e+03    
     2242           2263        5.6601e+04      1.03e+00       4.77e-04       3.34e+03    
     2243           2264        5.6600e+04      1.03e+00       4.77e-04       3.12e+03    
     2244           2265        5.6599e+04      1.03e+00       4.77e-04       3.34e+03    
     2245           2266        5.6598e+04      1.03e+00       4.77e-04       3.12e+03    
     2246           2267        5.6596e+04      1.03e+00       4.77e-04       3.34e+03    
     2247           2268        5.6595e+04      1.03e+00       4.77e-04       3.12e+03    
     2248           2269        5.6594e+04      1.03e+00       4.77e-04       3.34e+03    
     2249           2270        5.6593e+04      1.04e+00       4.77e-04       3.12e+03    
     2250           2271        5.6592e+04      1.03e+00       4.77e-04       3.34e+03    
     2251           2272        5.6591e+04      1.04e+00       4.77e-04       3.12e+03    
     2252           2273        5.6590e+04      1.04e+00       4.77e-04       3.34e+03    
     2253           2274        5.6589e+04      1.04e+00       4.77e-04       3.12e+03    
     2254           2275        5.6588e+04      1.04e+00       4.77e-04       3.34e+03    
     2255           2276        5.6587e+04      1.04e+00       4.77e-04       3.11e+03    
     2256           2277        5.6586e+04      1.04e+00       4.77e-04       3.34e+03    
     2257           2278        5.6585e+04      1.04e+00       4.77e-04       3.11e+03    
     2258           2279        5.6584e+04      1.04e+00       4.77e-04       3.33e+03    
     2259           2280        5.6583e+04      1.05e+00       4.77e-04       3.11e+03    
     2260           2281        5.6582e+04      1.04e+00       4.77e-04       3.33e+03    
     2261           2282        5.6581e+04      1.05e+00       4.77e-04       3.11e+03    
     2262           2283        5.6580e+04      1.05e+00       4.77e-04       3.33e+03    
     2263           2284        5.6579e+04      1.05e+00       4.77e-04       3.11e+03    
     2264           2285        5.6578e+04      1.05e+00       4.77e-04       3.33e+03    
     2265           2286        5.6577e+04      1.05e+00       4.77e-04       3.11e+03    
     2266           2287        5.6576e+04      1.05e+00       4.77e-04       3.33e+03    
     2267           2288        5.6575e+04      1.05e+00       4.77e-04       3.11e+03    
     2268           2289        5.6574e+04      1.05e+00       4.77e-04       3.33e+03    
     2269           2290        5.6572e+04      1.06e+00       4.77e-04       3.10e+03    
     2270           2291        5.6571e+04      1.05e+00       4.77e-04       3.33e+03    
     2271           2292        5.6570e+04      1.06e+00       4.77e-04       3.10e+03    
     2272           2293        5.6569e+04      1.06e+00       4.77e-04       3.33e+03    
     2273           2294        5.6568e+04      1.06e+00       4.77e-04       3.10e+03    
     2274           2295        5.6567e+04      1.06e+00       4.77e-04       3.32e+03    
     2275           2296        5.6566e+04      1.06e+00       4.77e-04       3.10e+03    
     2276           2297        5.6565e+04      1.06e+00       4.77e-04       3.32e+03    
     2277           2298        5.6564e+04      1.06e+00       4.77e-04       3.10e+03    
     2278           2299        5.6563e+04      1.06e+00       4.77e-04       3.32e+03    
     2279           2300        5.6562e+04      1.07e+00       4.77e-04       3.10e+03 